[
    [
        [
            1880.4153815966922,
            0.0,
            676.1215257575161
        ],
        [
            0.0,
            1870.4565340089796,
            357.5423661096176
        ],
        [
            0.0,
            0.0,
            1.0
        ]
    ],
    [
        [
            0.07248487423680088,
            -1.988522527349423,
            0.0007757475920866617,
            0.0045213793132344955,
            7.856954442002341
        ]
    ],
    [
        [
            [
                0.9955684912018332,
                -0.05746877801297521,
                0.07443600526492943,
                -2.4453883993899677
            ],
            [
                0.03233257452111312,
                0.9524684324964982,
                0.3029166382397975,
                -1.4633549082449109
            ],
            [
                -0.08830619429542806,
                -0.2991675528050444,
                0.9501056738056557,
                19.78107160500154
            ],
            [
                0.0,
                0.0,
                0.0,
                1.0
            ]
        ],
        [
            [
                0.8730065405191084,
                -0.21290200524326375,
                0.43878504575048544,
                -4.1596601939443625
            ],
            [
                0.05443316162216771,
                0.9366003150585478,
                0.34614575072943504,
                -0.841744800586402
            ],
            [
                -0.48466133652961557,
                -0.27830304704696734,
                0.8292471301594599,
                20.525057025171126
            ],
            [
                0.0,
                0.0,
                0.0,
                1.0
            ]
        ],
        [
            [
                0.967373338003814,
                0.08444576173249894,
                -0.23886761656779,
                -1.7862847127555792
            ],
            [
                -0.002827238354000557,
                0.9463567539740984,
                0.32311128258062644,
                -0.8400337875527466
            ],
            [
                0.253339360626509,
                -0.31189390428962505,
                0.9157190403307807,
                20.684495410401283
            ],
            [
                0.0,
                0.0,
                0.0,
                1.0
            ]
        ]
    ],
    [
        [
            [
                0.9935040932929429,
                -0.05879805891401755,
                0.09742897350434904,
                -2.733118757744368
            ],
            [
                0.037290478080044764,
                0.9771132685933577,
                0.20942559677213946,
                -0.8879394270787389
            ],
            [
                -0.10751296133364165,
                -0.20443201463261265,
                0.9729586396854298,
                21.820312221724205
            ],
            [
                0.0,
                0.0,
                0.0,
                1.0
            ]
        ],
        [
            [
                0.8646020877861385,
                -0.26020755851582267,
                0.4298316604056585,
                -4.43286162132538
            ],
            [
                0.1347775802893161,
                0.9442127359873679,
                0.3004951131892264,
                -0.30486170744154245
            ],
            [
                -0.4840436278345244,
                -0.20187703111172342,
                0.8514384479586935,
                22.731658716063677
            ],
            [
                0.0,
                0.0,
                0.0,
                1.0
            ]
        ],
        [
            [
                0.9733511265201008,
                0.11605450933805167,
                -0.1977850736642043,
                -2.043204497666327
            ],
            [
                -0.06624382697189295,
                0.968012603571303,
                0.24199866676332188,
                -0.355529737896363
            ],
            [
                0.21954348063690834,
                -0.2224476347130072,
                0.9499040530076814,
                22.76917880472513
            ],
            [
                0.0,
                0.0,
                0.0,
                1.0
            ]
        ]
    ]
]