[
    [
        [
            2010.2028309383998,
            0.0,
            693.3535220479483
        ],
        [
            0.0,
            2008.575502828952,
            319.6149186874707
        ],
        [
            0.0,
            0.0,
            1.0
        ]
    ],
    [
        [
            -1.0335122800969148,
            11.921810041807113,
            -0.015574973464617515,
            0.010982256280573111,
            -46.263694654005874
        ]
    ],
    [
        [
            [
                0.9921352874693581,
                0.007930461004013326,
                0.12491869014025861,
                -1.6139721852388849
            ],
            [
                -0.025351835108865392,
                0.990038172622833,
                0.13849801878097187,
                -1.6296757042415437
            ],
            [
                -0.12257591857582394,
                -0.14057568971164738,
                0.9824528587405034,
                22.629941510733396
            ],
            [
                0.0,
                0.0,
                0.0,
                1.0
            ]
        ],
        [
            [
                0.8664550271351095,
                -0.10265925519218343,
                0.4885864951834863,
                -3.145971354838387
            ],
            [
                0.025571637605481628,
                0.9864718780262227,
                0.16192382534263228,
                -1.5169637003310956
            ],
            [
                -0.4985998167894475,
                -0.12780575568730665,
                0.8573586831138563,
                21.482302300011842
            ],
            [
                0.0,
                0.0,
                0.0,
                1.0
            ]
        ],
        [
            [
                0.9428150874067349,
                0.12920743883893376,
                -0.3072542086073256,
                -1.0604726626555478
            ],
            [
                -0.08311747158875984,
                0.9838262250857142,
                0.15867402040121537,
                -1.2040470016036893
            ],
            [
                0.3227866119821615,
                -0.12406206745930363,
                0.9383056040239772,
                16.71610121422473
            ],
            [
                0.0,
                0.0,
                0.0,
                1.0
            ]
        ]
    ],
    [
        [
            [
                0.9961965025875518,
                0.006309326997853029,
                0.08690639001341752,
                -3.3114267159353994
            ],
            [
                -0.018205097032397127,
                0.9904344311145619,
                0.1367779664449473,
                0.27243577075374986
            ],
            [
                -0.08521210403675687,
                -0.13783987106642362,
                0.986782178228823,
                25.78483628465487
            ],
            [
                0.0,
                0.0,
                0.0,
                1.0
            ]
        ],
        [
            [
                0.8802039182330519,
                -0.1340429669193493,
                0.4552730448276521,
                -4.810321692196274
            ],
            [
                0.06414843980074209,
                0.9840849726729229,
                0.1657158538899133,
                0.43021544601501294
            ],
            [
                -0.4702404065989158,
                -0.11665868839821042,
                0.8747940960151112,
                24.498854564242475
            ],
            [
                0.0,
                0.0,
                0.0,
                1.0
            ]
        ],
        [
            [
                0.9241806932228629,
                0.14065362069317283,
                -0.35511491838559756,
                -2.573817919222711
            ],
            [
                -0.10416209466952324,
                0.9872982831718926,
                0.11996815444062879,
                0.9811876665746464
            ],
            [
                0.3674783045407794,
                -0.07388273838816717,
                0.9270927875137958,
                19.391827166944616
            ],
            [
                0.0,
                0.0,
                0.0,
                1.0
            ]
        ]
    ]
]